%YAML:1.0
image_width: 1224
image_height: 1024
camera_matrix: !!opencv-matrix
   rows: 3
   cols: 3
   dt: d
   data: [7.2997875567260223e+02, 0.0000000000000000e+00, 6.1446116227873779e+02,
          0.0000000000000000e+00, 7.2997424837496476e+02, 5.0021984755002904e+02,
          0.0000000000000000e+00, 0.0000000000000000e+00, 1.0000000000000000e+00]
